# Camera parameter file. 

# The format of each camera is as follows:
# Filename (of the undistorted image in visualize folder)
# Original filename
# Focal Length (of the undistorted image)
# 2-vec Principal Point (image center)
# 3-vec Translation T (as in P = K[R T])
# 3-vec Camera Position C (as in P = K[R -RC])
# 3-vec Axis Angle format of R
# 4-vec Quaternion format of R
# 3x3 Matrix format of R
# [Normalized radial distortion] = [radial distortion] * [focal length]^2
# 3-vec Lat/Lng/Alt from EXIF

# The nubmer of cameras in this reconstruction
10

00000000.jpg
C:\Users\Trijicon\Desktop\flat3\KakaoTalk_20160505_123828863.jpg
966.075256348
360 480
0.251159477973 0.3318576336 -1.00123415552
-0.149570238376 -0.059084509526 1.07229377007
0.281323148597 -0.0773610429797 -0.105223456709
0.987999900493 0.140098471921 -0.0385256739862 -0.0524011108528
0.991541550319 0.092749781482 -0.090809346564
-0.114339387751 0.955255506209 -0.272797071279
0.0614441016953 0.280872033989 0.957778156972
-0.121167230905
0 0 0

00000001.jpg
C:\Users\Trijicon\Desktop\flat3\KakaoTalk_20160505_123831033.jpg
969.155578613
360 480
1.42392783042 0.292140548747 -1.57802858065
-1.40243800034 0.0361327425435 1.62325107849
0.295347250369 -0.00498818670794 -0.104132836707
0.987763039537 0.147070773573 -0.00248391165636 -0.0518538663551
0.994610195758 0.101708041365 -0.0201593501239
-0.103169289206 0.951363366591 -0.290284389292
-0.0103452856134 0.290799908036 0.956729726749
-0.0968452415953
0 0 0

00000002.jpg
C:\Users\Trijicon\Desktop\flat3\KakaoTalk_20160505_123829552.jpg
969.301818848
360 480
0.596212907403 0.361069255898 -1.30357002149
-0.51768823171 -0.0267431464477 1.38434618081
0.292838267939 -0.0418720022878 -0.111365029995
0.987537865081 0.145810395473 -0.0208489595837 -0.0554510145811
0.992983336274 0.103440002136 -0.0573489564274
-0.115599904088 0.951330618069 -0.285674491882
0.0250075917182 0.290298654724 0.956610185529
-0.0828908136551
0 0 0

00000003.jpg
C:\Users\Trijicon\Desktop\flat3\KakaoTalk_20160505_123830386.jpg
969.571838379
360 480
0.960600730728 0.312218510572 -1.38679820252
-0.904445136111 -1.11022302463e-016 1.45787974016
0.290198684957 -0.027028232662 -0.110533195775
0.987879810151 0.144512656915 -0.0134594742023 -0.0550431363986
0.993579997821 0.104861875641 -0.0425015401851
-0.112642136901 0.952174793369 -0.284040673593
0.0106838310936 0.287003870718 0.95787128603
-0.0941292861956
0 0 0

00000004.jpg
C:\Users\Trijicon\Desktop\flat3\KakaoTalk_20160505_123831658.jpg
971.929748535
360 480
1.8634054477 0.278531707308 -1.61466198268
-1.87387586161 0.00312486399842 1.62651717519
0.291606706387 0.0151943518133 -0.103376712896
0.988030440114 0.14522115367 0.00756684003237 -0.0514819624532
0.994585740993 0.103929210213 0
-0.0995337738694 0.952522380214 -0.287744976573
-0.0299050731498 0.286186704925 0.957708481162
-0.0880703729147
0 0 0

00000005.jpg
C:\Users\Trijicon\Desktop\flat3\KakaoTalk_20160505_123832392.jpg
969.746582031
360 480
2.20933367024 0.258911375651 -1.67844603592
-2.24578011583 -0.00155942632807 1.64979362656
0.28710647115 0.0295471913135 -0.0998541662083
0.98836384654 0.142995999945 0.0147162484723 -0.0497332793944
0.99462129613 0.102517901621 0.0148666646028
-0.0941003996721 0.954158292694 -0.284127805452
-0.0433133671839 0.28120050073 0.958672783763
-0.0896805763511
0 0 0

00000006.jpg
C:\Users\Trijicon\Desktop\flat3\KakaoTalk_20160505_123832941.jpg
970.19140625
360 480
2.58453076099 0.234342322016 -1.72701528476
-2.63798054877 -1.11022302463e-016 1.66082195272
0.281766352828 0.0378024728677 -0.0937095542522
0.988821021197 0.140357807441 0.0188307516292 -0.0466800504713
0.99493430688 0.0976024654183 0.0241365956191
-0.0870303952881 0.956242889378 -0.279335669412
-0.0503443766046 0.275819332536 0.95989085159
-0.0870392056058
0 0 0

00000007.jpg
C:\Users\Trijicon\Desktop\flat3\KakaoTalk_20160505_123833694.jpg
967.701171875
360 480
3.15496432638 0.255102557276 -1.72241519843
-3.22904011958 -0.0515748845823 1.59881441214
0.273564964583 0.0515926433688 -0.0790039830016
0.989550987828 0.136305735652 0.0257064102464 -0.0393643098227
0.995580185244 0.0849138333182 0.0401444061891
-0.0708981333625 0.959743870933 -0.271786888857
-0.0616068084222 0.267739012587 0.961520573866
-0.0981507143339
0 0 0

00000008.jpg
C:\Users\Trijicon\Desktop\flat3\KakaoTalk_20160505_123834336.jpg
966.177124023
360 480
3.40713491596 0.320959375539 -1.93420547933
-3.50679518631 -0.0491545909583 1.77558555419
0.277222010015 0.0603969356905 -0.0706841149101
0.98933209477 0.138117757215 0.0300910064815 -0.035216292608
0.995708749488 0.0779933938414 0.0498119996983
-0.0613690403022 0.959367243836 -0.275408146375
-0.0692679942061 0.271169173905 0.960035981643
-0.101261346738
0 0 0

00000009.jpg
C:\Users\Trijicon\Desktop\flat3\KakaoTalk_20160505_123835049.jpg
965.045227051
360 480
3.90420995972 0.385127220238 -2.27983794751
-4.06070102364 -1.11022302463e-016 2.02473293306
0.284704974521 0.0773402061552 -0.0578900296722
0.988722595155 0.141816961647 0.038524627357 -0.0288361245939
0.995368705117 0.067948758393 0.0680014424601
-0.0460949533778 0.95811295111 -0.282657053312
-0.0843592356912 0.278213484115 0.956807824456
-0.0972783833584
0 0 0

